9729
2341
1779
5654
4355
4641
4441
8462
4423
2477
7312
5311
4584
5160
6064
5008
5287
600
7711
9619
7221
746
8731
5692
5386
5011
7832
5331
3086
6262
4667
9965
2846
2057
4602
3351
7513
1690
9497
3299
9308
6809
142
9922
6073
4906
5980
5835
7600
1867
3693
4794
5147
9640
3182
7069
2420
9656
7516
7965
1202
7801
4217
8033
3007
6134
472
6236
3567
169
295
5961
7217
2357
6229
2611
291
1812
3628
1858
7134
885
3757
4539
3381
3848
9309
1410
356
3132
7595
8355
8347
7410
3197
3681
7835
1959
3977
8512
103656
113466
106923
100501
115558
123898
124557
112956
102292
115090
111054
109250
118133
101728
117765
120390
129243
113781
127673
128698
128998
131213
110969
132641
101275
109963
132117
125652
127739
123211
131544
129120
108736
125616
114863
117856
102754
122143
115005
108165
104739
120671
130099
128425
123207
121999
101314
125515
120091
108150
119182
100651
104673
129774
128413
111352
114102
113324
101458
120571
122289
124939
118689
101671
109212
121505
131496
113965
103433
107318
124610
101929
127081
115732
131734
103877
121282
111648
121150
108449
113541
120742
127159
104831
101814
111532
113223
129178
132844
112115
109666
132674
118221
112847
112872
126872
131832
127170
100123
117824
